10687 
844 
8577 
3839 
1356 
10022 
7334 
8154 
1888 
10818 
9783 
6665 
8646 
8476 
4151 
9551 
7668 
4409 
10097 
414 
592 
9710 
2442 
3597 
10376 
6742 
1659 
2598 
5558 
7128 
3882 
8888 
9030 
7771 
9661 
7029 
5928 
3369 
3031 
9537 
10348 
4662 
6147 
5408 
8195 
7463 
8078 
9841 
10472 
6009 
1385 
755 
3044 
9348 
9760 
2257 
1328 
6580 
2776 
4559 
4595 
3451 
10903 
8213 
9956 
2976 
2437 
312 
7588 
4782 
5007 
5328 
3127 
2137 
3071 
8065 
9236 
6776 
9829 
665 
7368 
8566 
10127 
3942 
2786 
1133 
8626 
6623 
7752 
9975 
6772 
8177 
10432 
5174 
10011 
10730 
4562 
4077 
2678 
4880 
8955 
7871 
4095 
4731 
9367 
7079 
2548 
10360 
5282 
6387 
10871 
5744 
6915 
4508 
1753 
4747 
10525 
9194 
2600 
8141 
5590 
3720 
8971 
464 
5170 
6161 
6638 
8268 
9699 
877 
2263 
4550 
2145 
9774 
2557 
2201 
6617 
4112 
5278 
4081 
5760 
2913 
7810 
983 
1545 
1632 
9639 
3060 
2498 
177 
8908 
4098 
9627 
5557 
9161 
5297 
2520 
4471 
5468 
8749 
4404 
10803 
9912 
5295 
7206 
2909 
8209 
8258 
6715 
7280 
7583 
316 
3457 
4314 
9739 
4262 
3491 
2447 
6716 
9468 
9083 
10161 
3286 
1296 
10506 
4069 
5523 
7110 
870 
6434 
1592 
3381 
8196 
8130 
4049 
10774 
10985 
104 
4106 
7261 
4370 
4015 
5782 
4568 
5575 
6569 
10368 
7333 
4980 
7520 
112 
2417 
6070 
500 
8273 
3802 
3675 
612 
7608 
6676 
3311 
10288 
8599 
10461 
5061 
5804 
4031 
9523 
6992 
9280 
7095 
155 
6367 
5231 
2813 
2784 
2979 
7723 
3657 
1023 
10512 
8897 
6662 
1648 
4270 
8900 
4056 
2102 
4939 
4411 
3581 
6878 
10153 
7818 
8415 
5139 
10920 
8609 
6480 
7354 
6056 
38 
5250 
555 
6982 
9036 
4240 
2587 
6088 
3751 
1812 
244 
2616 
10205 
6379 
86 
5673 
2208 
5834 
9579 
6816 
1845 
4759 
343 
4521 
809 
8858 
3918 
10146 
1734 
5946 
10302 
322 
833 
5738 
8816 
5778 
7081 
6234 
4700 
6543 
4141 
5550 
9455 
7648 
2363 
4210 
8831 
2906 
6670 
9103 
9433 
7524 
1331 
9287 
6841 
5988 
1653 
6461 
3109 
8889 
10024 
1169 
9830 
3452 
3512 
8678 
7666 
1360 
3994 
8616 
1366 
5035 
9950 
1951 
9438 
9460 
6471 
2286 
5589 
8796 
806 
10224 
7494 
5945 
2146 
9825 
8139 
2222 
10061 
4140 
4131 
5783 
5672 
5982 
291 
4998 
8976 
6232 
1358 
6853 
5977 
7595 
10574 
1508 
6597 
7669 
1880 
3122 
6634 
2338 
5164 
6556 
1737 
4805 
875 
9396 
4498 
5602 
3896 
9163 
2112 
5948 
85 
3727 
3295 
8932 
5279 
7109 
4499 
3785 
10455 
2166 
9775 
1822 
6614 
8720 
8527 
6257 
5529 
9948 
5465 
6669 
767 
2439 
1386 
5572 
4002 
8005 
6113 
1538 
1267 
9261 
10559 
7072 
6007 
8274 
7478 
452 
8600 
1550 
4712 
6451 
2783 
6988 
9853 
6868 
10081 
3620 
1229 
8885 
3696 
10516 
10094 
5826 
6430 
3367 
5200 
5080 
9704 
10231 
5687 
9892 
5918 
5458 
2743 
1215 
9081 
1505 
7663 
9314 
10729 
8845 
4164 
4716 
6463 
1299 
8581 
1130 
703 
2808 
1877 
1924 
430 
5116 
5537 
3374 
10821 
3049 
547 
863 
8157 
7504 
133 
8446 
9437 
4977 
3080 
7450 
1271 
143 
10035 
9493 
9135 
763 
9779 
9524 
10662 
9384 
2842 
7412 
3182 
5 
10975 
5616 
4221 
10851 
10163 
2310 
5958 
4886 
8508 
5461 
6319 
3475 
4344 
1297 
10372 
1345 
2718 
8458 
4946 
4658 
10596 
1652 
2853 
3868 
4800 
7180 
9061 
10573 
5650 
10775 
9677 
1783 
148 
3968 
2076 
1315 
63 
10192 
4237 
8895 
9820 
5624 
4573 
3546 
10737 
9300 
10847 
8187 
6410 
5941 
907 
3303 
989 
7255 
6388 
4736 
9817 
6746 
42 
10405 
5736 
3719 
3384 
2345 
9936 
7090 
1433 
3164 
7380 
9318 
4719 
4366 
10386 
5212 
668 
6996 
518 
6096 
9766 
6929 
843 
8506 
60 
8363 
1570 
6989 
606 
2485 
9995 
4405 
4894 
7278 
8222 
3167 
1067 
3090 
4846 
10133 
3650 
8991 
6395 
714 
1327 
445 
8088 
9974 
9182 
974 
5369 
7264 
5081 
3099 
9104 
1285 
6258 
3358 
10030 
10690 
7706 
3780 
3844 
7371 
8859 
5929 
6803 
4505 
7880 
1451 
10960 
5633 
10915 
7346 
10889 
9724 
395 
4451 
2986 
263 
7557 
2053 
3443 
890 
10383 
8262 
8791 
10735 
4078 
4377 
2466 
1978 
4007 
10705 
7132 
8393 
660 
10965 
5943 
10967 
5433 
2901 
8466 
5176 
7502 
1526 
1623 
10754 
9952 
576 
6460 
9469 
7826 
991 
9688 
7366 
2916 
1213 
6081 
7298 
10165 
7351 
10863 
3589 
10088 
4011 
10330 
6755 
3830 
3300 
2114 
6320 
7186 
1365 
4159 
2615 
1265 
10930 
7902 
3368 
1586 
2143 
81 
4258 
5799 
3750 
3615 
10681 
7549 
6838 
7188 
9207 
8520 
6910 
4714 
66 
9924 
4315 
1194 
3816 
1651 
4302 
10478 
21 
1046 
1460 
6439 
5649 
5362 
9309 
1701 
7895 
9668 
59 
150 
7539 
6930 
9085 
4626 
9290 
8412 
3105 
1544 
10578 
5185 
429 
6649 
10667 
9749 
3214 
2200 
8650 
9446 
4585 
6003 
4556 
10749 
8227 
9097 
10396 
4924 
339 
3435 
10674 
4943 
32 
2084 
326 
5371 
7271 
10344 
1940 
7356 
7547 
2884 
5813 
6570 
3797 
1801 
10078 
10888 
8915 
2311 
10446 
8958 
6600 
3543 
832 
5810 
1034 
3958 
5770 
1927 
7056 
7756 
5872 
5418 
3717 
1370 
2737 
8123 
7 
590 
10800 
9716 
4738 
7133 
8173 
5191 
6774 
8696 
2067 
582 
4893 
3579 
4365 
2480 
10867 
9082 
10701 
8860 
7967 
5729 
9001 
9466 
9622 
6027 
10718 
3284 
2111 
8788 
4306 
423 
747 
6089 
2456 
5326 
932 
3116 
2460 
9904 
3393 
2953 
348 
9792 
10943 
977 
8099 
7976 
1452 
7801 
5877 
4636 
5114 
10176 
1897 
9780 
7098 
8208 
4614 
8353 
10953 
5560 
8660 
3618 
6539 
798 
10430 
10840 
1026 
6731 
7811 
5098 
8070 
5309 
7044 
4928 
8873 
10499 
3150 
5890 
10875 
2443 
235 
2859 
7559 
10957 
5748 
5423 
8807 
3064 
9045 
8406 
7036 
978 
5587 
3155 
7251 
9084 
8663 
2185 
2225 
7558 
10691 
1979 
7924 
1764 
9060 
4701 
10810 
6936 
6714 
9689 
10416 
1422 
8022 
360 
240 
712 
4020 
1816 
75 
5971 
2457 
1948 
9237 
6797 
4511 
10101 
3383 
3619 
232 
2276 
1513 
1159 
3133 
5683 
8773 
7525 
5189 
5694 
2298 
6230 
9806 
10182 
1457 
8040 
1225 
6849 
9935 
4229 
2564 
10869 
5028 
463 
3519 
6595 
2465 
4567 
4202 
6174 
4543 
8485 
8075 
9638 
6073 
5134 
2419 
3153 
5269 
8176 
629 
5507 
4181 
2532 
2093 
1795 
9303 
1904 
6351 
2190 
1492 
2234 
814 
9526 
5638 
2045 
1883 
2449 
6631 
1491 
10986 
5346 
10976 
6889 
6712 
2223 
3340 
2316 
1934 
1573 
2504 
10561 
689 
9945 
4431 
10374 
6866 
5697 
